1
2
4
7
8
9
10
11
12
13
14
245
16
17
18
19
20
21
22
23
24
25
27
28
29
30
31
32
33
34
35
36
37
38
39
40
41
42
43
44
45
46
48
49
50
51
52
53
54
55
56
57
58
59
60
61
62
64
65
66
67
68
69
70
71
72
73
74
76
77
78
79
80
81
82
83
84
85
86
87
89
90
91
92
93
94
95
99
100
101
102
103
104
105
106
107
108
110
112
113
115
116
117
118
119
120
121
122
123
124
126
127
128
129
130
133
134
135
136
137
138
139
140
141
142
143
144
145
146
147
149
150
151
152
153
155
156
157
158
159
160
161
162
163
164
165
167
168
169
170
171
172
173
174
175
176
177
178
179
180
181
182
183
184
185
186
187
188
189
190
191
192
194
195
196
198
199
200
201
202
203
204
217
222
256
270
282
320
327
330
331
332
333
335
336
359
384
406
408
410
414
415
417
418
419
420
438
468
470
478
480
493
503
504
507
511
515
516
519
521
523
525
527
528
532
534
535
538
540
543
550
553
556
559
562
563
572
574
577
579
581
583
585
587
589
594
605
608
610
614
615
617
626
627
630
632
634
644
646
654
656
661